4294967278,80
4294967278,76
4294967278,94
4294967278,93
4294967278,92
4294967278,91
4294967278,90
4294967278,89
4294967278,87
4294967278,86
4294967278,85
4294967278,84
4294967278,325
4294967278,520
4294967278,548
4294967278,284
4294967278,246
4294967278,547
4294967278,244
4294967278,516
4294967278,242
4294967278,238
4294967278,270
4294967278,235
4294967278,537
4294967278,233
4294967278,107
4294967278,106
4294967278,105
4294967278,100
4294967278,99
4294967278,97
4294967278,96
4294967278,95
4294967278,109
4294967278,110
4294967278,282
4294967278,229
4294967278,293
4294967278,108
4294967278,132
4294967278,131
4294967278,130
4294967278,129
4294967278,128
4294967278,127
4294967278,126
4294967278,125
4294967278,124
4294967278,123
4294967278,122
4294967278,121
4294967278,120
4294967278,119
4294967278,118
4294967278,117
4294967278,116
4294967278,115
4294967278,114
4294967278,113
4294967278,112
4294967278,111
4294967278,104
4294967278,103
4294967278,102
4294967278,83
4294967278,82
4294967278,81
4294967278,290
4294967278,78
4294967278,77
4294967278,75
4294967278,67
4294967278,65
4294967278,58
4294967278,289
4294967278,52
4294967278,285
4294967278,0
4294967278,260
4294967279,71
4294967279,70
4294967279,69
4294967279,68
4294967279,66
4294967279,65
4294967279,64
4294967279,63
4294967279,62
4294967279,61
4294967279,60
4294967279,58
4294967279,54
4294967279,53
4294967279,52
4294967279,51
4294967279,49
4294967279,46
4294967279,45
4294967279,44
4294967279,43
4294967279,42
4294967279,41
4294967279,40
4294967279,39
4294967279,38
4294967279,37
4294967279,36
4294967279,35
4294967279,360
4294967279,34
4294967279,33
4294967279,290
4294967279,32
4294967279,31
4294967279,30
4294967279,29
4294967279,28
4294967279,343
4294967279,27
4294967279,26
4294967279,302
4294967279,25
4294967279,24
4294967279,23
4294967279,22
4294967279,21
4294967279,20
4294967279,19
4294967279,18
4294967279,17
4294967279,358
4294967279,16
4294967279,352
4294967279,15
4294967279,342
4294967279,14
4294967279,394
4294967279,13
4294967279,350
4294967279,12
4294967279,323
4294967279,11
4294967279,282
4294967279,10
4294967279,356
4294967279,9
4294967279,322
4294967279,8
4294967279,354
4294967279,7
4294967279,6
4294967279,424
4294967279,5
4294967279,0
4294967279,260
4294967279,325
4294967279,4
4294967278,101
372,4
372,3
372,2
372,1
4294967294,1413
4294967278,292
4294967278,98
4294967278,209
4294967294,408
4294967294,412
4294967294,420
4294967294,385
4294967294,996
4294967294,435
4294967294,405
4294967294,191
4294967294,141
4294967294,180
4294967294,468
4294967278,208
4294967278,207
4294967278,205
4294967278,202
371,6
4294967278,204
371,5
371,4
4294967278,203
371,3
371,2
371,1
4294967278,291
4294967294,8
4294967294,81
4294967294,50
4294967278,361
4294967294,36
4294967294,39
4294967294,1414
4294967294,198
4294967278,521
4294967278,193
4294967278,79
4294967278,189
4294967278,74
4294967278,186
368,6
4294967279,72
4294967279,185
4294967278,280
4294967279,184
368,5
4294967278,515
4294967294,528
4294967279,182
4294967278,517
4294967279,67
4294967279,364
4294967278,66
4294967294,6
4294967279,179
4294967279,178
4294967278,177
4294967294,89
4294967278,175
4294967279,177
368,4
4294967278,176
368,3
368,2
368,1
4294967279,176
4294967294,7
4294967294,22
4294967279,59
4294967294,471
4294967278,173
4294967279,173
4294967279,172
4294967279,339
4294967279,171
4294967279,56
4294967279,168
4294967279,57
4294967279,337
4294967279,363
366,6
4294967278,53
4294967294,436
4294967294,120
4294967279,55
4294967279,167
4294967279,347
4294967278,54
4294967278,269
4294967279,166
366,5
4294967279,50
4294967279,164
4294967278,163
366,4
4294967279,163
366,3
366,2
366,1
4294967279,361
4294967278,162
4294967294,1
4294967294,393
4294967279,162
4294967278,161
4294967279,47
4294967294,387
4294967294,46
4294967279,159
4294967279,48
4294967279,303
4294967279,345
365,5
4294967294,107
4294967279,158
4294967294,146
4294967294,389
4294967294,128
4294967294,185
4294967294,94
4294967294,96
4294967279,157
365,4
4294967279,318
4294967279,336
4294967279,326
0,5
365,3
365,2
365,1
4294967294,9
4294967279,155
0,7
4294967294,45
4294967294,147
4294967294,129
4294967294,2
4294967294,0
4294967294,418
4294967294,28
4294967294,1009
4294967294,27
4294967294,90
4294967294,86
4294967294,84
4294967279,154
4294967294,93
4294967294,95
4294967294,17
4294967294,42
4294967294,67
4294967294,99
4294967294,76
4294967294,423
4294967294,52
4294967294,470
4294967294,25
4294967294,26
